{"meta":{"kind":"rfi","engineVersion":"ts-preflop-gen","iterations":4000,"equitySamples":1500,"seed":1337,"stackBb":100,"generatedAt":"2026-06-27T17:43:47.783Z","note":"Solved offline by the TS CFR+ engine (2-effective-player model). Reproducible; an estimate, not exact GTO."},"entries":{"cash|6|UTG|100bb|rfi":{"raiseDepth":0,"actions":["fold","raise-small","allin"],"actionLabels":["fold","raise","shove"],"nodeActionFreq":[0.8274,0.0662,0.1063],"hands":[[0.0001,0.0104,0.9895],[0.0001,0.0005,0.9994],[0.0001,0.0005,0.9994],[0.0004,0.6059,0.3937],[0.0003,0.7495,0.2502],[0.0004,0.9422,0.0575],[0.0005,0.9532,0.0463],[0.0015,0.9459,0.0525],[0.9356,0.0196,0.0448],[0.2193,0.0109,0.7698],[0.9272,0.0149,0.0579],[0.9447,0.0108,0.0446],[0.953,0.0082,0.0388],[0.0001,0.0005,0.9994],[0.0001,0.0037,0.9962],[0.0001,0.0022,0.9977],[0.0003,0.0058,0.9939],[0.0011,0.007,0.992],[0.5082,0.1493,0.3425],[0.9513,0.0094,0.0392],[0.9561,0.0087,0.0352],[0.9612,0.0078,0.0311],[0.9643,0.0068,0.029],[0.968,0.0057,0.0263],[0.9687,0.0049,0.0264],[0.9696,0.0041,0.0263],[0.0001,0.0005,0.9994],[0.0015,0.7901,0.2084],[0.0001,0.0031,0.9968],[0.0398,0.0027,0.9575],[0.0562,0.0024,0.9414],[0.9504,0.0086,0.041],[0.9629,0.007,0.0301],[0.9715,0.0056,0.023],[0.9704,0.0052,0.0243],[0.9732,0.0041,0.0227],[0.9735,0.0034,0.023],[0.9747,0.0028,0.0226],[0.9771,0.0019,0.021],[0.0004,0.876,0.1237],[0.1868,0.2991,0.5141],[0.9514,0.0078,0.0408],[0.0001,0.0033,0.9966],[0.0657,0.0016,0.9327],[0.9532,0.0076,0.0392],[0.9649,0.0058,0.0293],[0.9732,0.004,0.0228],[0.9751,0.0031,0.0217],[0.9763,0.0027,0.021],[0.9775,0.0022,0.0204],[0.9784,0.0018,0.0199],[0.9779,0.0014,0.0207],[0.0005,0.9574,0.0421],[0.8794,0.076,0.0446],[0.9598,0.0069,0.0333],[0.9602,0.0061,0.0338],[0.0001,0.0019,0.998],[0.9603,0.0057,0.034],[0.9674,0.0042,0.0284],[0.9743,0.0031,0.0226],[0.9767,0.0024,0.0209],[0.979,0.0017,0.0193],[0.9789,0.0016,0.0195],[0.9798,0.0014,0.0189],[0.9796,0.0012,0.0192],[0.0556,0.9121,0.0323],[0.9631,0.0066,0.0303],[0.9681,0.0056,0.0263],[0.9695,0.0047,0.0258],[0.9741,0.0031,0.0228],[0.0001,0.3416,0.6583],[0.9698,0.0032,0.027],[0.9765,0.0021,0.0215],[0.9772,0.0017,0.021],[0.9789,0.0012,0.0198],[0.9813,0.0011,0.0176],[0.9812,0.0011,0.0176],[0.9808,0.0012,0.018],[0.7842,0.1874,0.0284],[0.9711,0.0055,0.0234],[0.9734,0.0047,0.0219],[0.9759,0.0031,0.021],[0.9767,0.0024,0.021],[0.9782,0.0017,0.0201],[0.0001,0.851,0.149],[0.9758,0.0017,0.0226],[0.9778,0.0012,0.021],[0.979,0.001,0.02],[0.9812,0.0009,0.0179],[0.9822,0.0009,0.0169],[0.9826,0.001,0.0164],[0.9627,0.0097,0.0276],[0.9725,0.0056,0.0219],[0.9783,0.0035,0.0182],[0.9794,0.0024,0.0182],[0.9795,0.0019,0.0186],[0.9805,0.0013,0.0182],[0.9807,0.001,0.0183],[0.0001,0.9238,0.0761],[0.9776,0.001,0.0215],[0.9801,0.0008,0.0191],[0.9813,0.0008,0.0179],[0.9825,0.0008,0.0167],[0.9836,0.0009,0.0155],[0.9674,0.0066,0.026],[0.9746,0.005,0.0204],[0.9779,0.0031,0.019],[0.9812,0.0018,0.0171],[0.9819,0.0013,0.0169],[0.982,0.0011,0.017],[0.9817,0.0009,0.0174],[0.9823,0.0009,0.0168],[0.0001,0.8555,0.1444],[0.9781,0.0007,0.0211],[0.9801,0.0007,0.0192],[0.982,0.0007,0.0173],[0.9829,0.0008,0.0163],[0.9642,0.0072,0.0286],[0.9748,0.0044,0.0207],[0.9786,0.0027,0.0187],[0.9812,0.0017,0.0171],[0.9829,0.0012,0.0159],[0.9831,0.0009,0.016],[0.983,0.0009,0.0161],[0.983,0.0009,0.0161],[0.9823,0.0008,0.0169],[0.1724,0.0158,0.8118],[0.9785,0.0006,0.0209],[0.9802,0.0006,0.0191],[0.982,0.0007,0.0173],[0.9678,0.0057,0.0265],[0.976,0.0034,0.0206],[0.9801,0.0021,0.0177],[0.9813,0.0015,0.0172],[0.9825,0.0011,0.0163],[0.9838,0.001,0.0153],[0.984,0.0009,0.0151],[0.9842,0.0008,0.0149],[0.9836,0.0008,0.0156],[0.9823,0.0007,0.017],[0.54,0.0052,0.4549],[0.9808,0.0006,0.0186],[0.9824,0.0007,0.017],[0.9708,0.0048,0.0245],[0.9771,0.0027,0.0203],[0.9807,0.0017,0.0176],[0.9824,0.0013,0.0163],[0.9831,0.0012,0.0157],[0.9839,0.001,0.0151],[0.9845,0.0009,0.0146],[0.9849,0.0008,0.0142],[0.9844,0.0007,0.0149],[0.9836,0.0007,0.0157],[0.9843,0.0007,0.015],[0.9491,0.0055,0.0454],[0.9829,0.0007,0.0164],[0.971,0.0045,0.0245],[0.9783,0.0021,0.0196],[0.9812,0.0013,0.0175],[0.9828,0.0012,0.016],[0.9832,0.0012,0.0156],[0.9843,0.0011,0.0145],[0.9845,0.001,0.0144],[0.9856,0.0009,0.0135],[0.985,0.0008,0.0142],[0.9847,0.0007,0.0146],[0.9846,0.0007,0.0147],[0.9851,0.0007,0.0142],[0.9609,0.0017,0.0374]]},"cash|6|HJ|100bb|rfi":{"raiseDepth":0,"actions":["fold","raise-small","allin"],"actionLabels":["fold","raise","shove"],"nodeActionFreq":[0.7779,0.136,0.086],"hands":[[0.0001,0.1472,0.8527],[0.0001,0.0006,0.9993],[0.0001,0.0006,0.9993],[0.0003,0.8451,0.1546],[0.0002,0.9327,0.0671],[0.0002,0.9623,0.0375],[0.0003,0.9674,0.0322],[0.0004,0.9652,0.0344],[0.0012,0.9631,0.0357],[0.0011,0.9385,0.0604],[0.0726,0.2936,0.6339],[0.6882,0.2646,0.0472],[0.9384,0.0165,0.0452],[0.0001,0.0006,0.9994],[0.0001,0.0118,0.9882],[0.0001,0.1306,0.8693],[0.0001,0.0173,0.9826],[0.0003,0.0115,0.9882],[0.0243,0.8727,0.103],[0.4709,0.4969,0.0322],[0.9485,0.0132,0.0383],[0.9556,0.011,0.0334],[0.9598,0.0096,0.0306],[0.9644,0.0081,0.0275],[0.9655,0.0071,0.0274],[0.9667,0.006,0.0273],[0.0002,0.3786,0.6212],[0.0007,0.9345,0.0648],[0.0001,0.0075,0.9924],[0.0052,0.1451,0.8497],[0.0325,0.0132,0.9543],[0.8284,0.1308,0.0408],[0.9585,0.0101,0.0314],[0.9686,0.0078,0.0236],[0.9677,0.0072,0.0251],[0.971,0.0056,0.0234],[0.9717,0.0048,0.0236],[0.9728,0.0041,0.0231],[0.9756,0.003,0.0214],[0.0002,0.9314,0.0683],[0.0021,0.9379,0.0601],[0.7148,0.2466,0.0386],[0.0001,0.2967,0.7033],[0.0537,0.0033,0.943],[0.9464,0.0111,0.0426],[0.9614,0.0082,0.0304],[0.9711,0.0054,0.0234],[0.9734,0.0044,0.0223],[0.9748,0.0037,0.0215],[0.9762,0.003,0.0208],[0.9773,0.0024,0.0202],[0.9769,0.002,0.0211],[0.0004,0.9675,0.0321],[0.0358,0.9235,0.0406],[0.9078,0.0583,0.0339],[0.9552,0.0091,0.0357],[0.0001,0.0332,0.9668],[0.9565,0.0081,0.0354],[0.965,0.0059,0.0291],[0.9725,0.0044,0.0231],[0.9753,0.0034,0.0213],[0.978,0.0024,0.0196],[0.9781,0.0021,0.0198],[0.9791,0.0017,0.0192],[0.9792,0.0013,0.0195],[0.0003,0.9729,0.0267],[0.5673,0.4094,0.0233],[0.9637,0.0092,0.0271],[0.9666,0.0068,0.0266],[0.9723,0.0044,0.0233],[0.0001,0.8278,0.1721],[0.9679,0.0047,0.0275],[0.9751,0.0031,0.0217],[0.9762,0.0026,0.0213],[0.9781,0.0019,0.02],[0.9807,0.0016,0.0177],[0.9808,0.0015,0.0178],[0.9804,0.0013,0.0182],[0.0009,0.9728,0.0263],[0.9659,0.01,0.0242],[0.9708,0.0068,0.0224],[0.9742,0.0044,0.0214],[0.9752,0.0035,0.0213],[0.9772,0.0026,0.0202],[0.0001,0.9265,0.0734],[0.9746,0.0026,0.0227],[0.9769,0.002,0.0212],[0.9781,0.0017,0.0202],[0.9806,0.0013,0.018],[0.9817,0.0012,0.0171],[0.9822,0.0012,0.0166],[0.1045,0.8743,0.0212],[0.9686,0.0089,0.0225],[0.9767,0.0048,0.0185],[0.978,0.0035,0.0185],[0.9784,0.0028,0.0188],[0.9797,0.0019,0.0183],[0.98,0.0015,0.0185],[0.0001,0.9565,0.0434],[0.9768,0.0016,0.0216],[0.9795,0.0013,0.0192],[0.9808,0.0011,0.0181],[0.9821,0.0011,0.0168],[0.9833,0.0011,0.0156],[0.6534,0.3256,0.021],[0.9717,0.0073,0.021],[0.9764,0.0043,0.0194],[0.9801,0.0026,0.0173],[0.981,0.002,0.017],[0.9812,0.0017,0.0171],[0.9812,0.0013,0.0175],[0.9819,0.0011,0.017],[0.0001,0.9603,0.0396],[0.9776,0.001,0.0214],[0.9796,0.0009,0.0194],[0.9816,0.0009,0.0175],[0.9826,0.0009,0.0165],[0.6982,0.2774,0.0244],[0.9727,0.0061,0.0213],[0.9773,0.0036,0.019],[0.9803,0.0024,0.0173],[0.9822,0.0018,0.0161],[0.9825,0.0014,0.0161],[0.9826,0.0012,0.0162],[0.9827,0.001,0.0163],[0.9819,0.0009,0.0171],[0.0002,0.9563,0.0435],[0.978,0.0007,0.0213],[0.9798,0.0008,0.0194],[0.9816,0.0008,0.0175],[0.963,0.0088,0.0283],[0.9742,0.0047,0.0211],[0.9791,0.0029,0.018],[0.9806,0.002,0.0174],[0.9819,0.0016,0.0165],[0.9834,0.0013,0.0154],[0.9837,0.0011,0.0152],[0.9839,0.001,0.0151],[0.9833,0.001,0.0158],[0.982,0.0008,0.0172],[0.2704,0.0113,0.7182],[0.9804,0.0007,0.0189],[0.9821,0.0007,0.0172],[0.9671,0.0072,0.0258],[0.9753,0.004,0.0207],[0.9799,0.0023,0.0178],[0.9818,0.0017,0.0165],[0.9826,0.0015,0.0159],[0.9834,0.0013,0.0152],[0.9842,0.0011,0.0147],[0.9847,0.001,0.0143],[0.9841,0.0009,0.0151],[0.9833,0.0008,0.0159],[0.9841,0.0008,0.0152],[0.946,0.0077,0.0463],[0.9826,0.0008,0.0166],[0.9674,0.0067,0.0259],[0.9766,0.0033,0.0201],[0.9804,0.0018,0.0177],[0.9824,0.0014,0.0162],[0.9829,0.0014,0.0158],[0.984,0.0013,0.0147],[0.9843,0.0012,0.0145],[0.9854,0.001,0.0136],[0.9848,0.0009,0.0143],[0.9845,0.0008,0.0147],[0.9844,0.0008,0.0148],[0.9849,0.0008,0.0143],[0.9588,0.0027,0.0385]]},"cash|6|CO|100bb|rfi":{"raiseDepth":0,"actions":["fold","raise-small","allin"],"actionLabels":["fold","raise","shove"],"nodeActionFreq":[0.6588,0.2902,0.051],"hands":[[0.0001,0.8877,0.1122],[0.0001,0.0128,0.9872],[0.0006,0.8419,0.1575],[0.0002,0.9248,0.075],[0.0001,0.9513,0.0486],[0.0001,0.9723,0.0276],[0.0002,0.9759,0.0238],[0.0003,0.9756,0.0242],[0.0005,0.976,0.0235],[0.0005,0.9699,0.0296],[0.0007,0.9671,0.0323],[0.0011,0.9676,0.0313],[0.0029,0.966,0.0312],[0.0001,0.0034,0.9965],[0.0001,0.3171,0.6828],[0.0001,0.2151,0.7848],[0.0001,0.9442,0.0556],[0.0003,0.8686,0.1312],[0.0009,0.9636,0.0355],[0.0168,0.9538,0.0294],[0.0275,0.9464,0.0261],[0.0612,0.9167,0.0222],[0.1359,0.8435,0.0206],[0.4478,0.5334,0.0188],[0.9589,0.0156,0.0255],[0.9633,0.0111,0.0256],[0.0008,0.8445,0.1548],[0.0004,0.9558,0.0438],[0.0001,0.0247,0.9752],[0.0008,0.9093,0.0898],[0.0025,0.6249,0.3726],[0.037,0.9275,0.0355],[0.1169,0.8587,0.0245],[0.7619,0.2183,0.0197],[0.9617,0.0145,0.0238],[0.9686,0.0094,0.022],[0.9705,0.0068,0.0227],[0.9722,0.0057,0.0221],[0.9755,0.0043,0.0203],[0.0002,0.956,0.0438],[0.0006,0.9625,0.037],[0.0145,0.9529,0.0326],[0.0001,0.5654,0.4345],[0.0094,0.0395,0.9511],[0.1694,0.7962,0.0345],[0.9485,0.02,0.0315],[0.9691,0.0079,0.023],[0.9735,0.0055,0.021],[0.9748,0.0049,0.0203],[0.9764,0.004,0.0196],[0.9777,0.0033,0.019],[0.9779,0.0028,0.0193],[0.0003,0.9743,0.0254],[0.0013,0.9656,0.0331],[0.0377,0.9336,0.0287],[0.2002,0.7703,0.0295],[0.0001,0.807,0.1929],[0.9468,0.0147,0.0385],[0.9616,0.0083,0.0301],[0.9715,0.0057,0.0228],[0.9758,0.0043,0.0199],[0.9784,0.0033,0.0183],[0.9787,0.0028,0.0185],[0.9799,0.0023,0.0178],[0.9801,0.0019,0.0179],[0.0002,0.9782,0.0216],[0.0225,0.9538,0.0237],[0.167,0.8118,0.0212],[0.958,0.015,0.027],[0.9699,0.0063,0.0238],[0.0001,0.9138,0.0861],[0.9659,0.0061,0.028],[0.9743,0.0042,0.0215],[0.977,0.0033,0.0196],[0.9788,0.0027,0.0185],[0.9814,0.0022,0.0164],[0.9817,0.0018,0.0164],[0.9817,0.0016,0.0168],[0.0003,0.9785,0.0211],[0.081,0.9013,0.0178],[0.8521,0.1279,0.02],[0.9719,0.0065,0.0216],[0.9741,0.0046,0.0213],[0.9765,0.0034,0.0201],[0.0001,0.9536,0.0463],[0.9738,0.0036,0.0226],[0.9778,0.0027,0.0195],[0.9791,0.0024,0.0185],[0.9814,0.0019,0.0168],[0.9827,0.0016,0.0157],[0.9832,0.0014,0.0155],[0.0012,0.9793,0.0195],[0.1417,0.842,0.0162],[0.9728,0.009,0.0183],[0.9772,0.0045,0.0182],[0.9779,0.0037,0.0185],[0.9796,0.0026,0.0178],[0.98,0.0022,0.0178],[0.0001,0.9745,0.0254],[0.9777,0.0024,0.02],[0.9802,0.0019,0.0178],[0.9817,0.0016,0.0167],[0.983,0.0014,0.0156],[0.9842,0.0013,0.0146],[0.0063,0.9734,0.0202],[0.5435,0.4423,0.0142],[0.9756,0.0061,0.0184],[0.9804,0.0034,0.0162],[0.9815,0.0026,0.0159],[0.9819,0.0023,0.0158],[0.9818,0.0019,0.0163],[0.9825,0.0016,0.0159],[0.0001,0.9813,0.0186],[0.9795,0.0017,0.0188],[0.9813,0.0014,0.0173],[0.983,0.0012,0.0158],[0.984,0.0011,0.0149],[0.0052,0.9721,0.0227],[0.8802,0.1013,0.0185],[0.9771,0.0048,0.018],[0.9806,0.0032,0.0162],[0.9827,0.0024,0.0149],[0.9831,0.002,0.015],[0.9832,0.0018,0.0151],[0.9835,0.0014,0.0151],[0.9833,0.0012,0.0154],[0.0001,0.9794,0.0205],[0.9799,0.0012,0.0188],[0.9817,0.0011,0.0172],[0.9832,0.001,0.0158],[0.0446,0.9347,0.0207],[0.9716,0.0085,0.0199],[0.979,0.0039,0.017],[0.9813,0.0026,0.0161],[0.9826,0.0021,0.0152],[0.984,0.0017,0.0143],[0.9845,0.0015,0.014],[0.9846,0.0012,0.0141],[0.9845,0.0011,0.0143],[0.9835,0.001,0.0155],[0.0009,0.9716,0.0276],[0.9822,0.001,0.0168],[0.9837,0.0009,0.0155],[0.094,0.8865,0.0195],[0.9746,0.0059,0.0196],[0.98,0.0032,0.0168],[0.9824,0.0022,0.0154],[0.9834,0.0019,0.0147],[0.9842,0.0017,0.0141],[0.985,0.0014,0.0136],[0.9855,0.0012,0.0133],[0.9853,0.0011,0.0136],[0.9847,0.001,0.0143],[0.9854,0.0009,0.0137],[0.4262,0.5459,0.0278],[0.9842,0.0009,0.015],[0.1566,0.8238,0.0195],[0.9766,0.0046,0.0188],[0.9806,0.0027,0.0167],[0.9831,0.0019,0.015],[0.9838,0.0016,0.0146],[0.9848,0.0015,0.0137],[0.9851,0.0014,0.0134],[0.9861,0.0012,0.0127],[0.986,0.0011,0.0129],[0.9857,0.001,0.0133],[0.9857,0.0009,0.0134],[0.9862,0.0009,0.0129],[0.9649,0.0034,0.0318]]},"cash|6|BTN|100bb|rfi":{"raiseDepth":0,"actions":["fold","raise-small","allin"],"actionLabels":["fold","raise","shove"],"nodeActionFreq":[0.4794,0.4917,0.0289],"hands":[[0.0001,0.964,0.0359],[0.0001,0.8292,0.1708],[0.0002,0.9409,0.0589],[0.0001,0.9598,0.0401],[0.0001,0.9748,0.0251],[0.0001,0.9828,0.0171],[0.0001,0.9846,0.0153],[0.0001,0.9846,0.0153],[0.0002,0.9853,0.0145],[0.0002,0.9836,0.0162],[0.0003,0.9825,0.0172],[0.0004,0.982,0.0176],[0.0007,0.9815,0.0178],[0.0001,0.3981,0.6018],[0.0001,0.3657,0.6342],[0.0001,0.9718,0.0281],[0.0001,0.9763,0.0235],[0.0002,0.9753,0.0245],[0.0004,0.9804,0.0193],[0.0016,0.9809,0.0175],[0.0014,0.9822,0.0164],[0.0025,0.982,0.0155],[0.0041,0.9803,0.0155],[0.0059,0.9788,0.0153],[0.0096,0.9747,0.0157],[0.0134,0.9707,0.0159],[0.0004,0.946,0.0536],[0.0002,0.9768,0.023],[0.0001,0.7882,0.2117],[0.0004,0.9754,0.0241],[0.0009,0.9753,0.0238],[0.0018,0.9796,0.0185],[0.0036,0.9799,0.0165],[0.0104,0.9746,0.015],[0.014,0.9713,0.0146],[0.0256,0.9605,0.0139],[0.0387,0.9468,0.0145],[0.0626,0.9231,0.0143],[0.1533,0.8334,0.0133],[0.0001,0.9754,0.0246],[0.0003,0.9787,0.021],[0.0013,0.9792,0.0195],[0.0001,0.3237,0.6762],[0.0014,0.9725,0.0261],[0.0035,0.9774,0.0192],[0.0069,0.9759,0.0172],[0.0426,0.9421,0.0153],[0.1282,0.8583,0.0135],[0.1698,0.8171,0.0131],[0.6265,0.3601,0.0133],[0.9753,0.0075,0.0172],[0.9771,0.0054,0.0175],[0.0002,0.9828,0.0171],[0.0004,0.9803,0.0193],[0.0022,0.9804,0.0174],[0.0049,0.9755,0.0196],[0.0001,0.8699,0.1301],[0.005,0.9757,0.0193],[0.0169,0.9653,0.0178],[0.1772,0.8078,0.015],[0.9071,0.0757,0.0172],[0.9777,0.0057,0.0166],[0.9783,0.0049,0.0168],[0.9798,0.0041,0.0161],[0.9803,0.0035,0.0161],[0.0001,0.9852,0.0147],[0.0023,0.9798,0.0178],[0.0071,0.9752,0.0177],[0.0168,0.9654,0.0178],[0.0838,0.8995,0.0167],[0.0001,0.958,0.0419],[0.0362,0.9462,0.0176],[0.9683,0.0114,0.0202],[0.9756,0.0064,0.0179],[0.9785,0.0046,0.0168],[0.9817,0.0033,0.0149],[0.982,0.003,0.015],[0.982,0.0028,0.0152],[0.0001,0.9854,0.0145],[0.0059,0.9791,0.015],[0.0143,0.971,0.0147],[0.062,0.9232,0.0149],[0.411,0.5746,0.0144],[0.974,0.0071,0.0189],[0.0001,0.9716,0.0283],[0.9688,0.0101,0.021],[0.9767,0.0054,0.0179],[0.9791,0.0041,0.0168],[0.9817,0.003,0.0153],[0.9832,0.0024,0.0144],[0.9837,0.0021,0.0142],[0.0004,0.986,0.0136],[0.0073,0.9786,0.0141],[0.0347,0.953,0.0124],[0.2113,0.7765,0.0122],[0.9747,0.008,0.0173],[0.9783,0.0048,0.0168],[0.9792,0.004,0.0168],[0.0001,0.9883,0.0116],[0.9768,0.0049,0.0183],[0.9801,0.0036,0.0164],[0.9818,0.0028,0.0154],[0.9835,0.0021,0.0144],[0.9848,0.0016,0.0135],[0.001,0.9855,0.0135],[0.0101,0.9772,0.0127],[0.0593,0.9286,0.0121],[0.9471,0.0384,0.0145],[0.9805,0.0048,0.0147],[0.9815,0.004,0.0146],[0.9817,0.0033,0.015],[0.9822,0.003,0.0148],[0.0001,0.991,0.0089],[0.98,0.0033,0.0167],[0.9819,0.0025,0.0155],[0.9838,0.0019,0.0143],[0.985,0.0015,0.0135],[0.0009,0.9846,0.0145],[0.0126,0.9747,0.0127],[0.1027,0.8855,0.0118],[0.9786,0.0066,0.0148],[0.9825,0.0038,0.0136],[0.983,0.0033,0.0137],[0.9832,0.003,0.0138],[0.9835,0.0026,0.014],[0.9837,0.0024,0.0139],[0.0001,0.9884,0.0115],[0.9811,0.0024,0.0165],[0.9828,0.0019,0.0153],[0.9846,0.0013,0.0141],[0.0019,0.9831,0.0149],[0.0209,0.9661,0.013],[0.2483,0.7407,0.011],[0.9807,0.0046,0.0147],[0.9828,0.0033,0.0139],[0.9842,0.0027,0.0131],[0.9847,0.0024,0.0129],[0.9849,0.0021,0.013],[0.985,0.002,0.013],[0.9843,0.0019,0.0138],[0.0001,0.9848,0.0151],[0.9835,0.0016,0.0149],[0.985,0.0012,0.0138],[0.0023,0.9823,0.0154],[0.0308,0.956,0.0132],[0.6661,0.3223,0.0116],[0.9821,0.0039,0.0141],[0.9835,0.003,0.0135],[0.9847,0.0024,0.0129],[0.9854,0.0021,0.0125],[0.9858,0.0019,0.0123],[0.9859,0.0016,0.0124],[0.9857,0.0015,0.0129],[0.9863,0.0014,0.0123],[0.0008,0.9813,0.0179],[0.9854,0.0012,0.0134],[0.0023,0.9819,0.0159],[0.0473,0.9398,0.0129],[0.9762,0.0087,0.0151],[0.9829,0.0033,0.0138],[0.9839,0.0028,0.0133],[0.9853,0.0022,0.0126],[0.9858,0.0018,0.0124],[0.9866,0.0016,0.0118],[0.9867,0.0015,0.0118],[0.9867,0.0013,0.012],[0.9868,0.0012,0.012],[0.9872,0.0011,0.0117],[0.0019,0.9777,0.0205]]},"cash|6|SB|100bb|rfi":{"raiseDepth":0,"actions":["fold","raise-small","allin"],"actionLabels":["fold","raise","shove"],"nodeActionFreq":[0.0663,0.9246,0.0091],"hands":[[0.0001,0.7053,0.2946],[0.0001,0.9942,0.0057],[0.0001,0.9947,0.0052],[0.0001,0.9949,0.005],[0.0001,0.9959,0.004],[0.0001,0.997,0.0029],[0.0001,0.9972,0.0027],[0.0001,0.9973,0.0026],[0.0002,0.9971,0.0027],[0.0002,0.9968,0.003],[0.0002,0.9956,0.0042],[0.0003,0.9952,0.0046],[0.0005,0.9946,0.005],[0.0001,0.9943,0.0056],[0.0001,0.6016,0.3983],[0.0001,0.9981,0.0018],[0.0001,0.9982,0.0017],[0.0001,0.9981,0.0017],[0.0005,0.9975,0.002],[0.0006,0.9969,0.0025],[0.0007,0.9967,0.0027],[0.0008,0.9959,0.0033],[0.0008,0.9953,0.0038],[0.0009,0.9947,0.0044],[0.0009,0.9944,0.0047],[0.0007,0.9942,0.0051],[0.0001,0.9946,0.0054],[0.0001,0.9979,0.002],[0.0001,0.9328,0.0671],[0.0003,0.9974,0.0022],[0.0005,0.9973,0.0022],[0.0008,0.9965,0.0027],[0.0008,0.9962,0.003],[0.0011,0.9955,0.0034],[0.0011,0.9948,0.0041],[0.0011,0.9943,0.0045],[0.0013,0.9938,0.005],[0.0013,0.9933,0.0053],[0.0016,0.9926,0.0058],[0.0001,0.9956,0.0043],[0.0002,0.9978,0.002],[0.0007,0.9967,0.0026],[0.0001,0.9724,0.0275],[0.0006,0.9963,0.0031],[0.0008,0.9958,0.0034],[0.0011,0.9952,0.0037],[0.0014,0.9944,0.0042],[0.0018,0.9933,0.0049],[0.002,0.9928,0.0052],[0.0021,0.9922,0.0057],[0.0024,0.9916,0.006],[0.0025,0.991,0.0065],[0.0001,0.9965,0.0034],[0.0005,0.9975,0.0021],[0.0008,0.9966,0.0026],[0.0009,0.9956,0.0034],[0.0001,0.9822,0.0177],[0.0009,0.9948,0.0043],[0.0013,0.9942,0.0045],[0.0017,0.9934,0.0049],[0.0022,0.9922,0.0056],[0.003,0.9909,0.0061],[0.003,0.9905,0.0065],[0.0033,0.9899,0.0067],[0.0034,0.9893,0.0072],[0.0001,0.9967,0.0033],[0.0007,0.9965,0.0028],[0.0011,0.9957,0.0032],[0.0013,0.9949,0.0038],[0.0017,0.9938,0.0045],[0.0001,0.9925,0.0074],[0.0015,0.9932,0.0053],[0.002,0.9924,0.0056],[0.0025,0.9912,0.0063],[0.0033,0.99,0.0067],[0.005,0.988,0.007],[0.0047,0.9881,0.0072],[0.0045,0.9879,0.0076],[0.0002,0.9965,0.0033],[0.0011,0.9956,0.0034],[0.0014,0.9951,0.0035],[0.0019,0.9938,0.0043],[0.0022,0.993,0.0048],[0.0028,0.9917,0.0056],[0.0001,0.9952,0.0047],[0.0019,0.9918,0.0063],[0.0025,0.9908,0.0067],[0.0033,0.9894,0.0073],[0.0045,0.988,0.0074],[0.0072,0.9851,0.0077],[0.0079,0.9844,0.0077],[0.0003,0.9966,0.0031],[0.0011,0.9959,0.003],[0.0019,0.9944,0.0037],[0.0025,0.993,0.0045],[0.0032,0.9916,0.0052],[0.0039,0.9901,0.006],[0.0039,0.9897,0.0064],[0.0001,0.9964,0.0035],[0.0024,0.9903,0.0073],[0.0028,0.9897,0.0074],[0.0039,0.9884,0.0077],[0.0068,0.9852,0.0079],[0.0219,0.9703,0.0078],[0.0005,0.9957,0.0039],[0.0012,0.9952,0.0036],[0.0019,0.9937,0.0044],[0.0035,0.9912,0.0053],[0.0047,0.9895,0.0058],[0.0056,0.9881,0.0064],[0.005,0.988,0.007],[0.0049,0.9878,0.0073],[0.0001,0.9967,0.0032],[0.0024,0.9894,0.0082],[0.0032,0.9884,0.0084],[0.0052,0.9865,0.0084],[0.0129,0.9786,0.0084],[0.0005,0.9956,0.004],[0.001,0.9948,0.0042],[0.002,0.9932,0.0048],[0.0038,0.9906,0.0056],[0.0071,0.9866,0.0063],[0.0085,0.9847,0.0068],[0.0101,0.9826,0.0072],[0.0081,0.9844,0.0075],[0.0061,0.9857,0.0082],[0.0001,0.9944,0.0055],[0.0024,0.9887,0.0088],[0.0035,0.9878,0.0087],[0.0072,0.984,0.0089],[0.0005,0.9948,0.0047],[0.0011,0.9941,0.0048],[0.0025,0.9923,0.0053],[0.0042,0.9897,0.0061],[0.0069,0.9864,0.0067],[0.02,0.9729,0.0071],[0.0336,0.9591,0.0073],[0.0506,0.942,0.0074],[0.0239,0.9681,0.008],[0.0084,0.983,0.0086],[0.0001,0.9928,0.0071],[0.0041,0.987,0.009],[0.0127,0.9784,0.0089],[0.0006,0.9945,0.0049],[0.0011,0.9938,0.0052],[0.0027,0.9916,0.0057],[0.0049,0.9888,0.0063],[0.0085,0.9846,0.0069],[0.0265,0.9663,0.0072],[0.2172,0.776,0.0068],[0.4355,0.558,0.0065],[0.3426,0.6506,0.0068],[0.0782,0.9138,0.008],[0.5584,0.4345,0.0071],[0.0002,0.9923,0.0075],[0.0207,0.9706,0.0087],[0.0006,0.994,0.0053],[0.0012,0.9933,0.0055],[0.0029,0.9911,0.006],[0.0055,0.988,0.0065],[0.0107,0.9822,0.0071],[0.044,0.9489,0.0071],[0.5066,0.4867,0.0067],[0.943,0.0479,0.0091],[0.9505,0.04,0.0096],[0.9075,0.0833,0.0092],[0.9691,0.0208,0.0101],[0.9777,0.0124,0.0099],[0.0003,0.9918,0.0079]]},"cash|9|UTG|100bb|rfi":{"raiseDepth":0,"actions":["fold","raise-small","allin"],"actionLabels":["fold","raise","shove"],"nodeActionFreq":[0.8615,0.0033,0.1352],"hands":[[0.0001,0.0176,0.9823],[0.0001,0.0004,0.9996],[0.0001,0.0004,0.9996],[0.0001,0.0003,0.9996],[0.0001,0.0004,0.9996],[0.0082,0.0039,0.9879],[0.909,0.0132,0.0778],[0.9378,0.0095,0.0528],[0.9535,0.0061,0.0404],[0.7266,0.003,0.2704],[0.9453,0.0061,0.0486],[0.9551,0.0046,0.0403],[0.9602,0.0034,0.0364],[0.0001,0.0003,0.9996],[0.0001,0.011,0.9889],[0.0001,0.001,0.9989],[0.0008,0.0019,0.9973],[0.0052,0.0027,0.992],[0.6093,0.0018,0.3889],[0.9584,0.0037,0.0378],[0.9625,0.0035,0.034],[0.9663,0.0035,0.0302],[0.9681,0.0033,0.0286],[0.9711,0.0031,0.0259],[0.9714,0.0026,0.026],[0.9719,0.0021,0.026],[0.0001,0.0003,0.9996],[0.0099,0.0017,0.9884],[0.0001,0.0074,0.9925],[0.0496,0.0005,0.9499],[0.0644,0.0005,0.9351],[0.9561,0.0036,0.0402],[0.967,0.0031,0.0298],[0.9746,0.0025,0.0229],[0.9733,0.0024,0.0243],[0.9753,0.0021,0.0226],[0.9753,0.0019,0.0228],[0.9759,0.0016,0.0225],[0.9778,0.0013,0.0209],[0.0001,0.0773,0.9226],[0.4085,0.0022,0.5893],[0.9572,0.0031,0.0397],[0.0001,0.0051,0.9948],[0.0776,0.0006,0.9218],[0.958,0.0034,0.0386],[0.968,0.0026,0.0294],[0.9756,0.0017,0.0227],[0.977,0.0013,0.0217],[0.9778,0.0013,0.0209],[0.9784,0.0011,0.0205],[0.979,0.0011,0.0199],[0.9782,0.0011,0.0206],[0.8721,0.0444,0.0835],[0.9511,0.0041,0.0448],[0.9642,0.0029,0.0329],[0.9638,0.0027,0.0335],[0.0001,0.003,0.9969],[0.9632,0.0025,0.0343],[0.9697,0.0018,0.0285],[0.9761,0.0013,0.0226],[0.978,0.001,0.0211],[0.9798,0.0008,0.0194],[0.9796,0.0008,0.0197],[0.9802,0.0009,0.0189],[0.9799,0.001,0.0191],[0.9554,0.006,0.0386],[0.9676,0.0026,0.0298],[0.9712,0.0026,0.0262],[0.9722,0.0021,0.0257],[0.9758,0.0013,0.0229],[0.0001,0.0027,0.9972],[0.9714,0.0014,0.0272],[0.9774,0.0009,0.0217],[0.978,0.0008,0.0212],[0.9793,0.0007,0.02],[0.9817,0.0007,0.0176],[0.9816,0.0007,0.0177],[0.981,0.0009,0.018],[0.9629,0.004,0.0331],[0.9745,0.0023,0.0231],[0.9761,0.0021,0.0218],[0.9777,0.0013,0.021],[0.9779,0.001,0.021],[0.979,0.0008,0.0202],[0.0001,0.0427,0.9572],[0.9765,0.0008,0.0227],[0.9782,0.0007,0.0211],[0.9792,0.0007,0.0201],[0.9814,0.0007,0.018],[0.9824,0.0007,0.017],[0.9828,0.0008,0.0165],[0.9698,0.003,0.0272],[0.9758,0.0024,0.0218],[0.9804,0.0014,0.0182],[0.9807,0.001,0.0183],[0.9804,0.0008,0.0188],[0.9809,0.0008,0.0183],[0.9809,0.0007,0.0184],[0.0001,0.0629,0.937],[0.9779,0.0007,0.0214],[0.9803,0.0006,0.019],[0.9814,0.0006,0.018],[0.9827,0.0006,0.0167],[0.9838,0.0007,0.0155],[0.9719,0.0025,0.0256],[0.9773,0.0023,0.0204],[0.9797,0.0012,0.019],[0.9821,0.0008,0.0171],[0.9824,0.0007,0.0169],[0.9823,0.0007,0.017],[0.9819,0.0007,0.0174],[0.9826,0.0007,0.0168],[0.0001,0.0021,0.9979],[0.9784,0.0006,0.021],[0.9804,0.0005,0.0191],[0.9822,0.0005,0.0173],[0.9831,0.0006,0.0163],[0.969,0.0032,0.0278],[0.9771,0.0022,0.0207],[0.98,0.0012,0.0188],[0.982,0.0007,0.0172],[0.9833,0.0007,0.016],[0.9833,0.0007,0.016],[0.9832,0.0007,0.0161],[0.9833,0.0006,0.0161],[0.9826,0.0006,0.0169],[0.8532,0.0117,0.1351],[0.9787,0.0005,0.0208],[0.9804,0.0005,0.0191],[0.9822,0.0005,0.0173],[0.9714,0.0027,0.0259],[0.9777,0.0018,0.0205],[0.981,0.0011,0.0178],[0.9819,0.0007,0.0174],[0.9829,0.0007,0.0164],[0.984,0.0007,0.0153],[0.9842,0.0007,0.0151],[0.9844,0.0006,0.015],[0.9838,0.0006,0.0156],[0.9825,0.0005,0.017],[0.9355,0.0081,0.0564],[0.9809,0.0005,0.0186],[0.9825,0.0005,0.017],[0.9737,0.0023,0.024],[0.9783,0.0015,0.0201],[0.9813,0.0011,0.0176],[0.9828,0.0009,0.0163],[0.9835,0.0007,0.0157],[0.9842,0.0007,0.0151],[0.9847,0.0007,0.0146],[0.9852,0.0006,0.0142],[0.9845,0.0006,0.0149],[0.9837,0.0006,0.0157],[0.9844,0.0006,0.015],[0.9533,0.0035,0.0432],[0.983,0.0006,0.0164],[0.9738,0.0021,0.0241],[0.9792,0.0013,0.0195],[0.9814,0.0011,0.0175],[0.983,0.001,0.016],[0.9835,0.0009,0.0156],[0.9846,0.0009,0.0145],[0.9847,0.0008,0.0144],[0.9858,0.0007,0.0135],[0.9852,0.0006,0.0142],[0.9849,0.0006,0.0146],[0.9847,0.0006,0.0147],[0.9852,0.0006,0.0142],[0.9626,0.0012,0.0362]]},"cash|9|UTG1|100bb|rfi":{"raiseDepth":0,"actions":["fold","raise-small","allin"],"actionLabels":["fold","raise","shove"],"nodeActionFreq":[0.8522,0.0253,0.1225],"hands":[[0.0001,0.0107,0.9892],[0.0001,0.0004,0.9995],[0.0001,0.0004,0.9995],[0.0001,0.0004,0.9995],[0.0001,0.0004,0.9995],[0.0005,0.524,0.4755],[0.8859,0.0293,0.0848],[0.9313,0.0126,0.0562],[0.9503,0.0088,0.0409],[0.6086,0.0048,0.3867],[0.9415,0.0084,0.0501],[0.9526,0.0063,0.0411],[0.9584,0.0048,0.0368],[0.0001,0.0004,0.9995],[0.0001,0.005,0.995],[0.0001,0.0012,0.9987],[0.0006,0.0027,0.9967],[0.0041,0.0036,0.9923],[0.7553,0.0048,0.2399],[0.9564,0.0057,0.0378],[0.9603,0.0055,0.0341],[0.9647,0.0051,0.0302],[0.967,0.0045,0.0285],[0.9702,0.0038,0.026],[0.9707,0.0032,0.0261],[0.9713,0.0026,0.0262],[0.0001,0.0004,0.9995],[0.0071,0.0462,0.9466],[0.0001,0.003,0.9969],[0.046,0.0008,0.9532],[0.0588,0.0008,0.9404],[0.9544,0.0054,0.0402],[0.9657,0.0045,0.0298],[0.9735,0.0036,0.0229],[0.9723,0.0034,0.0242],[0.9746,0.0027,0.0227],[0.9747,0.0023,0.0229],[0.9756,0.0019,0.0225],[0.9777,0.0014,0.0209],[0.0006,0.6991,0.3003],[0.566,0.0034,0.4306],[0.9555,0.0047,0.0398],[0.0001,0.003,0.9969],[0.0685,0.0007,0.9308],[0.9566,0.0048,0.0386],[0.967,0.0037,0.0293],[0.9747,0.0024,0.0228],[0.9764,0.0019,0.0217],[0.9772,0.0018,0.021],[0.9781,0.0015,0.0204],[0.9788,0.0013,0.0199],[0.9781,0.0012,0.0207],[0.0007,0.9292,0.0701],[0.9488,0.0064,0.0447],[0.9628,0.0043,0.0329],[0.9628,0.0038,0.0334],[0.0001,0.0028,0.9971],[0.9623,0.0036,0.0341],[0.969,0.0026,0.0285],[0.9756,0.0018,0.0227],[0.9776,0.0013,0.021],[0.9796,0.001,0.0194],[0.9794,0.001,0.0196],[0.9801,0.001,0.0189],[0.9798,0.0011,0.0192],[0.9517,0.0093,0.0389],[0.9662,0.004,0.0298],[0.9702,0.0036,0.0262],[0.9713,0.003,0.0257],[0.9753,0.0019,0.0229],[0.0001,0.0019,0.998],[0.9709,0.0019,0.0272],[0.9772,0.0012,0.0216],[0.9779,0.001,0.0212],[0.9793,0.0007,0.02],[0.9816,0.0008,0.0176],[0.9815,0.0008,0.0177],[0.981,0.001,0.0181],[0.9608,0.0059,0.0333],[0.9734,0.0034,0.0232],[0.9752,0.0029,0.0219],[0.9772,0.0018,0.021],[0.9776,0.0014,0.021],[0.9788,0.001,0.0202],[0.0001,0.5565,0.4434],[0.9763,0.001,0.0227],[0.9782,0.0007,0.0211],[0.9792,0.0008,0.0201],[0.9813,0.0007,0.018],[0.9823,0.0007,0.017],[0.9827,0.0009,0.0164],[0.9679,0.0051,0.027],[0.9746,0.0036,0.0218],[0.9797,0.0021,0.0182],[0.9804,0.0014,0.0183],[0.9802,0.0011,0.0187],[0.9809,0.0008,0.0183],[0.9809,0.0007,0.0184],[0.0001,0.8782,0.1218],[0.9778,0.0007,0.0215],[0.9803,0.0007,0.0191],[0.9814,0.0007,0.018],[0.9827,0.0006,0.0167],[0.9837,0.0008,0.0155],[0.9706,0.0039,0.0255],[0.9764,0.0033,0.0203],[0.9791,0.0019,0.019],[0.9819,0.001,0.0171],[0.9823,0.0008,0.0169],[0.9822,0.0008,0.017],[0.9818,0.0008,0.0174],[0.9825,0.0007,0.0168],[0.0001,0.0013,0.9986],[0.9783,0.0006,0.0211],[0.9803,0.0006,0.0191],[0.9821,0.0006,0.0173],[0.9831,0.0007,0.0163],[0.9677,0.0044,0.0278],[0.9764,0.003,0.0207],[0.9795,0.0018,0.0187],[0.9818,0.001,0.0172],[0.9832,0.0008,0.016],[0.9832,0.0008,0.016],[0.9831,0.0008,0.0161],[0.9832,0.0007,0.0161],[0.9825,0.0006,0.0169],[0.5604,0.005,0.4345],[0.9787,0.0005,0.0208],[0.9804,0.0005,0.0191],[0.9821,0.0006,0.0173],[0.9705,0.0036,0.0259],[0.9773,0.0022,0.0205],[0.9808,0.0015,0.0178],[0.9817,0.0009,0.0173],[0.9828,0.0008,0.0164],[0.9839,0.0008,0.0153],[0.9842,0.0007,0.0151],[0.9844,0.0007,0.015],[0.9837,0.0006,0.0156],[0.9824,0.0006,0.017],[0.7196,0.0054,0.275],[0.9809,0.0006,0.0186],[0.9825,0.0006,0.017],[0.973,0.003,0.024],[0.9781,0.0018,0.0201],[0.9811,0.0013,0.0176],[0.9827,0.001,0.0163],[0.9834,0.0008,0.0157],[0.9841,0.0008,0.0151],[0.9846,0.0007,0.0146],[0.9851,0.0007,0.0143],[0.9845,0.0006,0.0149],[0.9837,0.0006,0.0157],[0.9844,0.0006,0.015],[0.952,0.0041,0.0439],[0.983,0.0006,0.0164],[0.9731,0.0028,0.0241],[0.979,0.0014,0.0195],[0.9813,0.0012,0.0175],[0.9829,0.0011,0.016],[0.9834,0.001,0.0156],[0.9845,0.001,0.0145],[0.9847,0.0009,0.0144],[0.9857,0.0008,0.0135],[0.9852,0.0007,0.0142],[0.9848,0.0006,0.0146],[0.9847,0.0006,0.0147],[0.9852,0.0006,0.0142],[0.9621,0.0013,0.0366]]},"cash|9|MP|100bb|rfi":{"raiseDepth":0,"actions":["fold","raise-small","allin"],"actionLabels":["fold","raise","shove"],"nodeActionFreq":[0.8475,0.0329,0.1195],"hands":[[0.0001,0.007,0.9929],[0.0001,0.0004,0.9995],[0.0001,0.0004,0.9995],[0.0001,0.0004,0.9995],[0.0001,0.0005,0.9995],[0.0006,0.8885,0.111],[0.1038,0.8252,0.071],[0.9188,0.0212,0.0601],[0.9458,0.0114,0.0428],[0.4363,0.0063,0.5573],[0.9356,0.0107,0.0537],[0.9493,0.0079,0.0428],[0.9562,0.0061,0.0377],[0.0001,0.0004,0.9995],[0.0001,0.0031,0.9968],[0.0001,0.0016,0.9983],[0.0004,0.0038,0.9958],[0.0027,0.0049,0.9924],[0.7035,0.0055,0.291],[0.9542,0.0072,0.0386],[0.9585,0.0069,0.0346],[0.9632,0.0062,0.0306],[0.9658,0.0054,0.0288],[0.9693,0.0046,0.0262],[0.9699,0.0039,0.0263],[0.9706,0.0031,0.0263],[0.0001,0.0004,0.9995],[0.0043,0.2238,0.7719],[0.0001,0.0028,0.9971],[0.0464,0.0012,0.9523],[0.0599,0.0013,0.9389],[0.9524,0.0067,0.0408],[0.9645,0.0055,0.03],[0.9726,0.0044,0.023],[0.9715,0.0042,0.0243],[0.974,0.0032,0.0227],[0.9743,0.0027,0.023],[0.9753,0.0022,0.0226],[0.9775,0.0015,0.021],[0.0005,0.8021,0.1974],[0.4578,0.0049,0.5372],[0.9537,0.0059,0.0404],[0.0001,0.0029,0.997],[0.0695,0.001,0.9295],[0.9549,0.006,0.0391],[0.966,0.0045,0.0294],[0.9741,0.0031,0.0229],[0.9759,0.0024,0.0217],[0.9769,0.0022,0.021],[0.9778,0.0017,0.0204],[0.9786,0.0015,0.0199],[0.978,0.0013,0.0207],[0.0006,0.9438,0.0556],[0.9455,0.0084,0.0461],[0.9615,0.0053,0.0332],[0.9616,0.0047,0.0337],[0.0001,0.0017,0.9982],[0.9613,0.0044,0.0342],[0.9683,0.0032,0.0285],[0.9751,0.0023,0.0227],[0.9772,0.0017,0.021],[0.9793,0.0013,0.0194],[0.9792,0.0012,0.0196],[0.9799,0.0011,0.0189],[0.9797,0.0011,0.0192],[0.9381,0.0229,0.0391],[0.9649,0.0051,0.0301],[0.9693,0.0044,0.0263],[0.9705,0.0037,0.0258],[0.9748,0.0023,0.0229],[0.0001,0.0019,0.9981],[0.9704,0.0024,0.0272],[0.9769,0.0015,0.0216],[0.9776,0.0012,0.0212],[0.9792,0.0009,0.0199],[0.9815,0.0009,0.0176],[0.9814,0.0009,0.0177],[0.9809,0.0011,0.0181],[0.9573,0.0091,0.0336],[0.9724,0.0043,0.0233],[0.9745,0.0036,0.0219],[0.9766,0.0023,0.0211],[0.9772,0.0017,0.0211],[0.9786,0.0013,0.0202],[0.0001,0.7303,0.2696],[0.9761,0.0012,0.0227],[0.978,0.0009,0.0211],[0.9791,0.0008,0.0201],[0.9813,0.0008,0.018],[0.9822,0.0008,0.017],[0.9826,0.0009,0.0165],[0.9661,0.0065,0.0273],[0.9737,0.0044,0.0218],[0.9791,0.0027,0.0182],[0.98,0.0018,0.0183],[0.9799,0.0013,0.0187],[0.9807,0.001,0.0183],[0.9808,0.0008,0.0184],[0.0001,0.9045,0.0954],[0.9777,0.0008,0.0215],[0.9802,0.0007,0.0191],[0.9813,0.0007,0.018],[0.9826,0.0007,0.0167],[0.9837,0.0008,0.0155],[0.9693,0.005,0.0257],[0.9756,0.004,0.0204],[0.9786,0.0024,0.019],[0.9816,0.0013,0.0171],[0.9822,0.0009,0.0169],[0.9821,0.0009,0.017],[0.9817,0.0008,0.0174],[0.9824,0.0008,0.0168],[0.0001,0.0067,0.9932],[0.9783,0.0007,0.0211],[0.9802,0.0006,0.0191],[0.9821,0.0006,0.0173],[0.983,0.0007,0.0163],[0.9663,0.0055,0.0282],[0.9758,0.0035,0.0207],[0.9792,0.0021,0.0187],[0.9815,0.0013,0.0172],[0.9832,0.0009,0.016],[0.9832,0.0008,0.016],[0.983,0.0008,0.0161],[0.9831,0.0008,0.0161],[0.9824,0.0007,0.0169],[0.5356,0.0048,0.4595],[0.9786,0.0005,0.0209],[0.9803,0.0006,0.0191],[0.9821,0.0006,0.0173],[0.9694,0.0043,0.0262],[0.9768,0.0027,0.0206],[0.9805,0.0017,0.0178],[0.9815,0.0011,0.0173],[0.9827,0.0009,0.0164],[0.9838,0.0009,0.0153],[0.9841,0.0008,0.0151],[0.9843,0.0007,0.015],[0.9837,0.0007,0.0156],[0.9824,0.0006,0.017],[0.7425,0.0066,0.251],[0.9808,0.0006,0.0186],[0.9824,0.0006,0.017],[0.972,0.0037,0.0242],[0.9777,0.002,0.0202],[0.9809,0.0014,0.0176],[0.9825,0.0011,0.0163],[0.9833,0.001,0.0157],[0.984,0.0008,0.0151],[0.9846,0.0008,0.0146],[0.985,0.0007,0.0143],[0.9844,0.0006,0.0149],[0.9837,0.0006,0.0157],[0.9843,0.0006,0.015],[0.9509,0.0046,0.0445],[0.9829,0.0006,0.0164],[0.9722,0.0034,0.0243],[0.9787,0.0017,0.0196],[0.9812,0.0012,0.0175],[0.9828,0.0011,0.016],[0.9833,0.0011,0.0156],[0.9844,0.001,0.0145],[0.9846,0.0009,0.0144],[0.9857,0.0008,0.0135],[0.9851,0.0007,0.0142],[0.9848,0.0006,0.0146],[0.9846,0.0006,0.0147],[0.9851,0.0006,0.0142],[0.9616,0.0015,0.0369]]},"cash|9|LJ|100bb|rfi":{"raiseDepth":0,"actions":["fold","raise-small","allin"],"actionLabels":["fold","raise","shove"],"nodeActionFreq":[0.8274,0.0662,0.1063],"hands":[[0.0001,0.0104,0.9895],[0.0001,0.0005,0.9994],[0.0001,0.0005,0.9994],[0.0004,0.6059,0.3937],[0.0003,0.7495,0.2502],[0.0004,0.9422,0.0575],[0.0005,0.9532,0.0463],[0.0015,0.9459,0.0525],[0.9356,0.0196,0.0448],[0.2193,0.0109,0.7698],[0.9272,0.0149,0.0579],[0.9447,0.0108,0.0446],[0.953,0.0082,0.0388],[0.0001,0.0005,0.9994],[0.0001,0.0037,0.9962],[0.0001,0.0022,0.9977],[0.0003,0.0058,0.9939],[0.0011,0.007,0.992],[0.5082,0.1493,0.3425],[0.9513,0.0094,0.0392],[0.9561,0.0087,0.0352],[0.9612,0.0078,0.0311],[0.9643,0.0068,0.029],[0.968,0.0057,0.0263],[0.9687,0.0049,0.0264],[0.9696,0.0041,0.0263],[0.0001,0.0005,0.9994],[0.0015,0.7901,0.2084],[0.0001,0.0031,0.9968],[0.0398,0.0027,0.9575],[0.0562,0.0024,0.9414],[0.9504,0.0086,0.041],[0.9629,0.007,0.0301],[0.9715,0.0056,0.023],[0.9704,0.0052,0.0243],[0.9732,0.0041,0.0227],[0.9735,0.0034,0.023],[0.9747,0.0028,0.0226],[0.9771,0.0019,0.021],[0.0004,0.876,0.1237],[0.1868,0.2991,0.5141],[0.9514,0.0078,0.0408],[0.0001,0.0033,0.9966],[0.0657,0.0016,0.9327],[0.9532,0.0076,0.0392],[0.9649,0.0058,0.0293],[0.9732,0.004,0.0228],[0.9751,0.0031,0.0217],[0.9763,0.0027,0.021],[0.9775,0.0022,0.0204],[0.9784,0.0018,0.0199],[0.9779,0.0014,0.0207],[0.0005,0.9574,0.0421],[0.8794,0.076,0.0446],[0.9598,0.0069,0.0333],[0.9602,0.0061,0.0338],[0.0001,0.0019,0.998],[0.9603,0.0057,0.034],[0.9674,0.0042,0.0284],[0.9743,0.0031,0.0226],[0.9767,0.0024,0.0209],[0.979,0.0017,0.0193],[0.9789,0.0016,0.0195],[0.9798,0.0014,0.0189],[0.9796,0.0012,0.0192],[0.0556,0.9121,0.0323],[0.9631,0.0066,0.0303],[0.9681,0.0056,0.0263],[0.9695,0.0047,0.0258],[0.9741,0.0031,0.0228],[0.0001,0.3416,0.6583],[0.9698,0.0032,0.027],[0.9765,0.0021,0.0215],[0.9772,0.0017,0.021],[0.9789,0.0012,0.0198],[0.9813,0.0011,0.0176],[0.9812,0.0011,0.0176],[0.9808,0.0012,0.018],[0.7842,0.1874,0.0284],[0.9711,0.0055,0.0234],[0.9734,0.0047,0.0219],[0.9759,0.0031,0.021],[0.9767,0.0024,0.021],[0.9782,0.0017,0.0201],[0.0001,0.851,0.149],[0.9758,0.0017,0.0226],[0.9778,0.0012,0.021],[0.979,0.001,0.02],[0.9812,0.0009,0.0179],[0.9822,0.0009,0.0169],[0.9826,0.001,0.0164],[0.9627,0.0097,0.0276],[0.9725,0.0056,0.0219],[0.9783,0.0035,0.0182],[0.9794,0.0024,0.0182],[0.9795,0.0019,0.0186],[0.9805,0.0013,0.0182],[0.9807,0.001,0.0183],[0.0001,0.9238,0.0761],[0.9776,0.001,0.0215],[0.9801,0.0008,0.0191],[0.9813,0.0008,0.0179],[0.9825,0.0008,0.0167],[0.9836,0.0009,0.0155],[0.9674,0.0066,0.026],[0.9746,0.005,0.0204],[0.9779,0.0031,0.019],[0.9812,0.0018,0.0171],[0.9819,0.0013,0.0169],[0.982,0.0011,0.017],[0.9817,0.0009,0.0174],[0.9823,0.0009,0.0168],[0.0001,0.8555,0.1444],[0.9781,0.0007,0.0211],[0.9801,0.0007,0.0192],[0.982,0.0007,0.0173],[0.9829,0.0008,0.0163],[0.9642,0.0072,0.0286],[0.9748,0.0044,0.0207],[0.9786,0.0027,0.0187],[0.9812,0.0017,0.0171],[0.9829,0.0012,0.0159],[0.9831,0.0009,0.016],[0.983,0.0009,0.0161],[0.983,0.0009,0.0161],[0.9823,0.0008,0.0169],[0.1724,0.0158,0.8118],[0.9785,0.0006,0.0209],[0.9802,0.0006,0.0191],[0.982,0.0007,0.0173],[0.9678,0.0057,0.0265],[0.976,0.0034,0.0206],[0.9801,0.0021,0.0177],[0.9813,0.0015,0.0172],[0.9825,0.0011,0.0163],[0.9838,0.001,0.0153],[0.984,0.0009,0.0151],[0.9842,0.0008,0.0149],[0.9836,0.0008,0.0156],[0.9823,0.0007,0.017],[0.54,0.0052,0.4549],[0.9808,0.0006,0.0186],[0.9824,0.0007,0.017],[0.9708,0.0048,0.0245],[0.9771,0.0027,0.0203],[0.9807,0.0017,0.0176],[0.9824,0.0013,0.0163],[0.9831,0.0012,0.0157],[0.9839,0.001,0.0151],[0.9845,0.0009,0.0146],[0.9849,0.0008,0.0142],[0.9844,0.0007,0.0149],[0.9836,0.0007,0.0157],[0.9843,0.0007,0.015],[0.9491,0.0055,0.0454],[0.9829,0.0007,0.0164],[0.971,0.0045,0.0245],[0.9783,0.0021,0.0196],[0.9812,0.0013,0.0175],[0.9828,0.0012,0.016],[0.9832,0.0012,0.0156],[0.9843,0.0011,0.0145],[0.9845,0.001,0.0144],[0.9856,0.0009,0.0135],[0.985,0.0008,0.0142],[0.9847,0.0007,0.0146],[0.9846,0.0007,0.0147],[0.9851,0.0007,0.0142],[0.9609,0.0017,0.0374]]},"cash|9|HJ|100bb|rfi":{"raiseDepth":0,"actions":["fold","raise-small","allin"],"actionLabels":["fold","raise","shove"],"nodeActionFreq":[0.7779,0.136,0.086],"hands":[[0.0001,0.1472,0.8527],[0.0001,0.0006,0.9993],[0.0001,0.0006,0.9993],[0.0003,0.8451,0.1546],[0.0002,0.9327,0.0671],[0.0002,0.9623,0.0375],[0.0003,0.9674,0.0322],[0.0004,0.9652,0.0344],[0.0012,0.9631,0.0357],[0.0011,0.9385,0.0604],[0.0726,0.2936,0.6339],[0.6882,0.2646,0.0472],[0.9384,0.0165,0.0452],[0.0001,0.0006,0.9994],[0.0001,0.0118,0.9882],[0.0001,0.1306,0.8693],[0.0001,0.0173,0.9826],[0.0003,0.0115,0.9882],[0.0243,0.8727,0.103],[0.4709,0.4969,0.0322],[0.9485,0.0132,0.0383],[0.9556,0.011,0.0334],[0.9598,0.0096,0.0306],[0.9644,0.0081,0.0275],[0.9655,0.0071,0.0274],[0.9667,0.006,0.0273],[0.0002,0.3786,0.6212],[0.0007,0.9345,0.0648],[0.0001,0.0075,0.9924],[0.0052,0.1451,0.8497],[0.0325,0.0132,0.9543],[0.8284,0.1308,0.0408],[0.9585,0.0101,0.0314],[0.9686,0.0078,0.0236],[0.9677,0.0072,0.0251],[0.971,0.0056,0.0234],[0.9717,0.0048,0.0236],[0.9728,0.0041,0.0231],[0.9756,0.003,0.0214],[0.0002,0.9314,0.0683],[0.0021,0.9379,0.0601],[0.7148,0.2466,0.0386],[0.0001,0.2967,0.7033],[0.0537,0.0033,0.943],[0.9464,0.0111,0.0426],[0.9614,0.0082,0.0304],[0.9711,0.0054,0.0234],[0.9734,0.0044,0.0223],[0.9748,0.0037,0.0215],[0.9762,0.003,0.0208],[0.9773,0.0024,0.0202],[0.9769,0.002,0.0211],[0.0004,0.9675,0.0321],[0.0358,0.9235,0.0406],[0.9078,0.0583,0.0339],[0.9552,0.0091,0.0357],[0.0001,0.0332,0.9668],[0.9565,0.0081,0.0354],[0.965,0.0059,0.0291],[0.9725,0.0044,0.0231],[0.9753,0.0034,0.0213],[0.978,0.0024,0.0196],[0.9781,0.0021,0.0198],[0.9791,0.0017,0.0192],[0.9792,0.0013,0.0195],[0.0003,0.9729,0.0267],[0.5673,0.4094,0.0233],[0.9637,0.0092,0.0271],[0.9666,0.0068,0.0266],[0.9723,0.0044,0.0233],[0.0001,0.8278,0.1721],[0.9679,0.0047,0.0275],[0.9751,0.0031,0.0217],[0.9762,0.0026,0.0213],[0.9781,0.0019,0.02],[0.9807,0.0016,0.0177],[0.9808,0.0015,0.0178],[0.9804,0.0013,0.0182],[0.0009,0.9728,0.0263],[0.9659,0.01,0.0242],[0.9708,0.0068,0.0224],[0.9742,0.0044,0.0214],[0.9752,0.0035,0.0213],[0.9772,0.0026,0.0202],[0.0001,0.9265,0.0734],[0.9746,0.0026,0.0227],[0.9769,0.002,0.0212],[0.9781,0.0017,0.0202],[0.9806,0.0013,0.018],[0.9817,0.0012,0.0171],[0.9822,0.0012,0.0166],[0.1045,0.8743,0.0212],[0.9686,0.0089,0.0225],[0.9767,0.0048,0.0185],[0.978,0.0035,0.0185],[0.9784,0.0028,0.0188],[0.9797,0.0019,0.0183],[0.98,0.0015,0.0185],[0.0001,0.9565,0.0434],[0.9768,0.0016,0.0216],[0.9795,0.0013,0.0192],[0.9808,0.0011,0.0181],[0.9821,0.0011,0.0168],[0.9833,0.0011,0.0156],[0.6534,0.3256,0.021],[0.9717,0.0073,0.021],[0.9764,0.0043,0.0194],[0.9801,0.0026,0.0173],[0.981,0.002,0.017],[0.9812,0.0017,0.0171],[0.9812,0.0013,0.0175],[0.9819,0.0011,0.017],[0.0001,0.9603,0.0396],[0.9776,0.001,0.0214],[0.9796,0.0009,0.0194],[0.9816,0.0009,0.0175],[0.9826,0.0009,0.0165],[0.6982,0.2774,0.0244],[0.9727,0.0061,0.0213],[0.9773,0.0036,0.019],[0.9803,0.0024,0.0173],[0.9822,0.0018,0.0161],[0.9825,0.0014,0.0161],[0.9826,0.0012,0.0162],[0.9827,0.001,0.0163],[0.9819,0.0009,0.0171],[0.0002,0.9563,0.0435],[0.978,0.0007,0.0213],[0.9798,0.0008,0.0194],[0.9816,0.0008,0.0175],[0.963,0.0088,0.0283],[0.9742,0.0047,0.0211],[0.9791,0.0029,0.018],[0.9806,0.002,0.0174],[0.9819,0.0016,0.0165],[0.9834,0.0013,0.0154],[0.9837,0.0011,0.0152],[0.9839,0.001,0.0151],[0.9833,0.001,0.0158],[0.982,0.0008,0.0172],[0.2704,0.0113,0.7182],[0.9804,0.0007,0.0189],[0.9821,0.0007,0.0172],[0.9671,0.0072,0.0258],[0.9753,0.004,0.0207],[0.9799,0.0023,0.0178],[0.9818,0.0017,0.0165],[0.9826,0.0015,0.0159],[0.9834,0.0013,0.0152],[0.9842,0.0011,0.0147],[0.9847,0.001,0.0143],[0.9841,0.0009,0.0151],[0.9833,0.0008,0.0159],[